,a1,a2,growth
0,0.0,0.0,0.9999999999999997
1,0.0,4.22,0.7743326972356636
2,0.0,8.44,0.5686224951439891
3,0.0,12.66,0.4408752593263855
4,0.0,16.88,0.3611335247983081
5,0.0,21.09,0.30696653823874404
6,0.0,25.31,0.2676137658439395
7,0.0,29.53,0.2376045931411042
8,0.0,33.75,0.21388935693750183
9,0.0,37.97,0.1946313079999548
10,0.0,42.19,0.17865447216724098
11,4.22,0.0,0.7743326972356636
12,4.22,4.22,0.5027904241565403
13,4.22,8.44,0.2538219149577281
14,4.22,12.66,0.15440659374030768
15,4.22,16.88,0.10937937821430682
16,4.22,21.09,0.08338041072020363
17,4.22,25.31,0.06555930205093252
18,4.22,29.53,0.052270231914127975
19,4.22,33.75,0.042137025804943946
20,4.22,37.97,0.034404522917208996
21,4.22,42.19,0.028500467062275155
22,8.44,0.0,0.5686224951439891
23,8.44,4.22,0.25382191495772827
24,8.44,8.44,0.1175729639207442
25,8.44,12.66,0.07330196821461735
26,8.44,16.88,0.04907832749462075
27,8.44,21.09,0.03400026674893921
28,8.44,25.31,0.024584856406145716
29,8.44,29.53,0.018592590814921425
30,8.44,33.75,0.014631871890967433
31,8.44,37.97,0.011900771442715065
32,8.44,42.19,0.009941406843378296
33,12.66,0.0,0.4408752593263852
34,12.66,4.22,0.15440659374032278
35,12.66,8.44,0.07330196821515994
36,12.66,12.66,0.04195371874523231
37,12.66,16.88,0.025905859569009537
38,12.66,21.09,0.017460928916733957
39,12.66,25.31,0.01269263965073359
40,12.66,29.53,0.009773086858668838
41,12.66,33.75,0.007854794250842921
42,12.66,37.97,0.0065202639234189065
43,12.66,42.19,0.005548482226288726
44,16.88,0.0,0.3611335247983081
45,16.88,4.22,0.10937937821431645
46,16.88,8.44,0.049078327496311136
47,16.88,12.66,0.025905859568783832
48,16.88,16.88,0.015816555161701593
49,16.88,21.09,0.010849140712126611
50,16.88,25.31,0.008066486676903363
51,16.88,29.53,0.006341295591655805
52,16.88,33.75,0.005187265705136422
53,16.88,37.97,0.004369686636261736
54,16.88,42.19,0.003764243959980678
55,21.09,0.0,0.30696653823874387
56,21.09,4.22,0.08338041072002753
57,21.09,8.44,0.03400026674704158
58,21.09,12.66,0.017460928916531688
59,21.09,16.88,0.010849140712112324
60,21.09,21.09,0.00761430005755927
61,21.09,25.31,0.005774141175181434
62,21.09,29.53,0.004611591153364863
63,21.09,33.75,0.0038201367081199113
64,21.09,37.97,0.0032507561536653743
65,21.09,42.19,0.0028235302248684094
66,25.31,0.0,0.26761376584393937
67,25.31,4.22,0.06555930204964362
68,25.31,8.44,0.024584856407708317
69,25.31,12.66,0.012692639650759757
70,25.31,16.88,0.008066486676733844
71,25.31,21.09,0.005774141174952518
72,25.31,25.31,0.004446045981740772
73,25.31,29.53,0.003592731631103973
74,25.31,33.75,0.003003416314840526
75,25.31,37.97,0.002574349132205203
76,25.31,42.19,0.002249163575833282
77,29.53,0.0,0.2376045931411042
78,29.53,4.22,0.05227023191353963
79,29.53,8.44,0.018592590815630004
80,29.53,12.66,0.009773086858585522
81,29.53,16.88,0.006341295591780216
82,29.53,21.09,0.004611591153377224
83,29.53,25.31,0.003592731631118742
84,29.53,29.53,0.0029289506613253916
85,29.53,33.75,0.0024652897670040556
86,29.53,37.97,0.002124544106893272
87,29.53,42.19,0.0018642918855967796
88,33.75,0.0,0.21388935693750183
89,33.75,4.22,0.04213702580470524
90,33.75,8.44,0.014631871890912694
91,33.75,12.66,0.00785479425067581
92,33.75,16.88,0.005187265705154562
93,33.75,21.09,0.0038201367081557094
94,33.75,25.31,0.003003416314786267
95,33.75,29.53,0.0024652897669565385
96,33.75,33.75,0.0020859795064851945
97,33.75,37.97,0.0018051612568013209
98,33.75,42.19,0.0015893712884442648
99,37.97,0.0,0.19463130799995434
100,37.97,4.22,0.03440452291752492
101,37.97,8.44,0.011900771442870458
102,37.97,12.66,0.006520263923416177
103,37.97,16.88,0.004369686636236051
104,37.97,21.09,0.003250756153668906
105,37.97,25.31,0.002574349132135693
106,37.97,29.53,0.0021245441069313174
107,37.97,33.75,0.0018051612568538143
108,37.97,37.97,0.0015673056984757835
109,37.97,42.19,0.0013836362553196182
110,42.19,0.0,0.17865447216724067
111,42.19,4.22,0.02850046706148936
112,42.19,8.44,0.00994140684360063
113,42.19,12.66,0.005548482226188555
114,42.19,16.88,0.0037642439600322083
115,42.19,21.09,0.0028235302248786833
116,42.19,25.31,0.0022491635757873707
117,42.19,29.53,0.0018642918856383568
118,42.19,33.75,0.0015893712884280512
119,42.19,37.97,0.0013836362553721116
120,42.19,42.19,0.0012241369331557588
