,a1,a2,growth
0,0.0,0.0,0.9999999999999997
1,0.0,4.22,0.7743326972356636
2,0.0,8.44,0.5686224951439891
3,0.0,12.66,0.4408752593263852
4,0.0,16.88,0.3611335247983083
5,0.0,21.09,0.3069665382387442
6,0.0,25.31,0.26761376584393937
7,0.0,29.53,0.23760459314110435
8,0.0,33.75,0.21388935693750216
9,0.0,37.97,0.19463130799995418
10,0.0,42.19,0.17865447216724034
11,0.29,0.0,0.9564377777954748
12,0.29,4.22,0.7296098273297772
13,0.29,8.44,0.5133026658408516
14,0.29,12.66,0.377096829624378
15,0.29,16.88,0.28962859469814445
16,0.29,21.09,0.22650504944384728
17,0.29,25.31,0.015825676329007915
18,0.29,29.53,0.009769389244484877
19,0.29,33.75,0.006963706328990302
20,0.29,37.97,0.005343033217307433
21,0.29,42.19,0.004300393185542025
22,0.59,0.0,0.9034508068154676
23,0.59,4.22,0.6701484640800314
24,0.59,8.44,0.4241742411956231
25,0.59,12.66,0.011780636205323526
26,0.59,16.88,0.006351160021508127
27,0.59,21.09,0.004147431614730884
28,0.59,25.31,0.0030203338702203602
29,0.59,29.53,0.002352991899537984
30,0.59,33.75,0.0019175122542741349
31,0.59,37.97,0.0016132453373716962
32,0.59,42.19,0.0013896994832075437
33,0.88,0.0,0.8355313739766216
34,0.88,4.22,0.5749830878774371
35,0.88,8.44,0.010188333565612525
36,0.88,12.66,0.004790043141776257
37,0.88,16.88,0.0029515615907528994
38,0.88,21.09,0.002091462681348838
39,0.88,25.31,0.0016061226405981626
40,0.88,29.53,0.0012982204058743015
41,0.88,33.75,0.0010868572330505323
42,0.88,37.97,0.0009333612055272082
43,0.88,42.19,0.0008171036929015475
44,1.18,0.0,0.7382028913512032
45,1.18,4.22,0.01722386601576731
46,1.18,8.44,0.00555168656670489
47,1.18,12.66,0.0028818486792758966
48,1.18,16.88,0.0018811272529270175
49,1.18,21.09,0.0013802738367167781
50,1.18,25.31,0.0010846354162363761
51,1.18,29.53,0.0008910432313552684
52,1.18,33.75,0.0007550001058881361
53,1.18,37.97,0.0006544082301432146
54,1.18,42.19,0.0005771253990369808
55,1.47,0.0,0.2906065485833975
56,1.47,4.22,0.010606675552399745
57,1.47,8.44,0.003686947190325392
58,1.47,12.66,0.002033527001577195
59,1.47,16.88,0.0013713273115397845
60,1.47,21.09,0.001026101751732861
61,1.47,25.31,0.0008168278978898618
62,1.47,29.53,0.0006772139757176841
63,1.47,33.75,0.0005777461493076088
64,1.47,37.97,0.0005034186312393721
65,1.47,42.19,0.00044583506326806023
66,1.76,0.0,0.10171193460191133
67,1.76,4.22,0.007256618492505258
68,1.76,8.44,0.00272041828957174
69,1.76,12.66,0.001562308790125052
70,1.76,16.88,0.001076023429072437
71,1.76,21.09,0.0008153674789911702
72,1.76,25.31,0.0006545098586161604
73,1.76,29.53,0.0005458553322827328
74,1.76,33.75,0.00046773520464764697
75,1.76,37.97,0.0004089506823292528
76,1.76,42.19,0.00036315659628307885
77,2.06,0.0,0.07766655028681033
78,2.06,4.22,0.005375506435743751
79,2.06,8.44,0.0021395846243472453
80,2.06,12.66,0.0012647068644426175
81,2.06,16.88,0.0008841304048208007
82,2.06,21.09,0.0006759352005246172
83,2.06,25.31,0.0005457728678723504
84,2.06,29.53,0.0004570602233034662
85,2.06,33.75,0.0003928582467650311
86,2.06,37.97,0.00034430463656882177
87,2.06,42.19,0.000306331106390695
88,2.35,0.0,0.06282960007317541
89,2.35,4.22,0.004211829410113307
90,2.35,8.44,0.001755593630614398
91,2.35,12.66,0.0010604377231125625
92,2.35,16.88,0.0007496548146188838
93,2.35,21.09,0.0005769430530503795
94,2.35,25.31,0.000467883033301859
95,2.35,29.53,0.0003930422369232697
96,2.35,33.75,0.0003386087625323202
97,2.35,37.97,0.00029728635962100654
98,2.35,42.19,0.0002648718616200296
99,2.64,0.0,0.05208903022668829
100,2.64,4.22,0.0034360412077332455
101,2.64,8.44,0.001484402821534916
102,2.64,12.66,0.0009118412714791006
103,2.64,16.88,0.0006502618823564491
104,2.64,21.09,0.000503051453789738
105,2.64,25.31,0.00040935162017881576
106,2.64,29.53,0.00034470055983522617
107,2.64,33.75,0.00029749223680025974
108,2.64,37.97,0.00026154722832480367
109,2.64,42.19,0.0002332846313442247
110,2.94,0.0,0.04376408631104533
111,2.94,4.22,0.002888347980599877
112,2.94,8.44,0.0012834227888247716
113,2.94,12.66,0.0007990274191487882
114,2.94,16.88,0.0005738414295479306
115,2.94,21.09,0.00044579591303110897
116,2.94,25.31,0.00036375947727271203
117,2.94,29.53,0.0003069026119842988
118,2.94,33.75,0.0002652512829348605
119,2.94,37.97,0.00023345987100997136
120,2.94,42.19,0.00020841531959807678
